example 5 0.5 ratio 1000- 100(10) - 1000
p = [[ 1.81446106e+00, -1.00000000e+00,  1.46720068e+00,
        -1.39089684e-03,  6.33807676e-04, -5.97715978e-01,
         7.37285618e+02],
       [ 5.15273173e-01,  1.03696149e+00,  1.49928771e+00,
        -9.30205118e-09, -5.76257471e-09,  7.33557092e+02,
         6.43835748e+02],
       [ 1.86892345e+00,  1.49931760e+00,  2.19185597e-01,
        -9.60521690e-01,  9.35996857e-01,  3.38073874e+02,
         8.46587568e+02],
       [ 2.09748332e+00, -1.69367797e+00, -2.34970554e-01,
         2.85810943e-06, -5.13682114e-06,  6.02425157e+02,
         7.15921837e+02],
       [ 6.65916491e-01,  1.64637571e+00, -7.04348848e-06,
        -1.20895833e-08, -3.23250545e-02,  5.70040805e+02,
         1.03851776e+03]]

example 5 1.5 ratio (worked) 1000 - 100(10) - 1000
        p = [[-9.99999985e-01, -1.30121957e+00, -1.74024698e-01,
          -2.54624648e-09, -1.92728963e-08, 4.53269212e+02,
          4.03160541e+02],
         [1.26789255e+00, 1.00000761e+00, -1.66443902e-02,
          -8.14706545e-06, -3.03148098e-03, 2.92259095e+02,
          9.65774225e+02],
         [1.47614820e+00, 1.72789517e+00, -1.13074007e-01,
          -1.93891634e-08, -5.86774217e-09, 2.74632142e+02,
          9.82226587e+02],
         [1.63772596e+00, 2.00890753e+00, 1.42671901e+00,
          -1.04904167e-08, -1.03677736e-09, 6.23255760e+02,
          6.99503563e+02],
         [6.96211044e-01, 1.57101078e+00, -9.64517890e-09,
          3.48066210e-07, -3.09240106e-09, 5.69286554e+02,
          1.03159415e+03]]


example 5 1.0 (worked) 500 - 50(10) - 500
p = [[ 6.83931764e-02,  1.98825769e+00, -1.00027203e+00,
        #         -3.06245828e-02, -5.22629055e-10,  4.72487755e+02,
        #          1.02977450e+03],
        #        [ 1.26837814e+00,  8.47105106e-01,  1.00271648e-04,
        #         -7.88725511e-09, -2.68661328e-02,  2.96653114e+02,
        #          9.68608285e+02],
        #        [ 1.55345684e+00,  1.76478871e+00, -1.46664937e-01,
        #          6.21622016e-02, -7.78432276e-10,  2.74221324e+02,
        #          9.87457582e+02],
        #        [ 2.07067851e+00,  1.78707095e+00, -4.34361797e-10,
        #          3.44531733e-02,  4.44071300e-03,  5.94767519e+02,
        #          7.97037480e+02],
        #        [ 6.57913670e-01,  1.70173439e+00, -8.49276306e-09,
        #         -2.47860509e-01, -2.71899706e-02,  5.66319830e+02,
        #          1.03912334e+03]]
